-24,-59,-236
-25,-46,-240
-33,-54,-220
-38,-50,-227
-26,-33,-222
-21,-8,-239
-23,-33,-244
-36,-35,-248
-29,-21,-238
-24,0,-251
-34,27,-270
-42,68,-280
-55,97,-264
-54,93,-255
-44,84,-241
-60,67,-269
-83,39,-254
-82,-42,-193
-98,-35,-172
-107,-138,-154
-86,-246,-148
-40,-241,-189
-43,-212,-225
-35,-111,-270
-23,-82,-230
-4,-93,-206
-10,-121,-211
-37,-132,-225
-43,-151,-227
-44,-141,-219
-69,-104,-205
-72,-120,-195
-115,-66,-212
-76,-34,-230
-95,55,-249
-77,94,-282
-31,109,-272
-34,108,-273
-10,57,-268
-7,20,-269
14,-23,-242
5,-28,-233
-13,-41,-244
3,-17,-234
-8,-10,-238
-21,-22,-242
-10,-27,-252
-13,-29,-247
-9,-15,-242
-24,-13,-241
-14,-27,-235
1,-18,-235
-4,-21,-247
-16,-13,-248
-14,-18,-238
-18,-30,-232
-3,-14,-231
