-29,-43,-230
-28,-41,-232
-25,-48,-240
-52,-45,-242
-25,-40,-235
-29,-24,-242
-28,-43,-227
-23,-41,-230
-33,-37,-238
-30,-31,-233
-26,-38,-234
-28,-29,-237
-33,-21,-252
-29,3,-287
-30,26,-296
-23,54,-272
-64,134,-279
-92,130,-259
-109,112,-228
-115,80,-186
-110,-64,-143
-159,-106,-182
-122,-250,-175
-108,-253,-197
-45,-230,-193
-35,-172,-221
-36,-89,-226
-24,-52,-232
-17,-36,-235
-14,-41,-229
-11,-67,-225
-12,-122,-224
-26,-166,-214
-24,-197,-217
-51,-156,-206
-65,-177,-197
-77,-137,-199
-95,-102,-198
-97,-148,-210
-137,-14,-200
-93,123,-230
-49,215,-260
-23,159,-270
8,92,-262
-5,42,-271
1,-2,-265
-10,-16,-249
-26,-33,-238
-20,-7,-240
-31,3,-240
-23,-25,-249
-18,-35,-250
-14,-32,-234
-23,-38,-235
-38,-33,-246
-27,-16,-241
