-13,-38,-246
-13,-33,-245
-15,-33,-240
-26,-13,-241
-23,-10,-237
-13,-5,-237
-10,-13,-251
-5,-14,-262
-14,-4,-269
-1,39,-244
-4,95,-219
-53,212,-294
-114,283,-311
-175,211,-257
-172,109,-193
-239,32,-143
-208,-162,-75
-108,-360,-124
-78,-284,-175
-24,-295,-223
-24,-138,-261
-36,-48,-237
-21,-44,-225
-31,-71,-219
-28,-105,-229
-39,-162,-239
-58,-222,-214
-62,-208,-196
-130,-219,-154
-153,-333,-139
-241,-192,-160
-303,285,-226
-200,446,-278
-21,197,-253
7,97,-280
11,-14,-278
-27,-49,-290
-29,-43,-273
-32,-38,-251
-40,-36,-235
-15,-55,-226
-13,-45,-226
-5,-47,-221
-8,-41,-229
-15,-43,-237
-14,-32,-253
-15,-45,-243
-22,-54,-237
-20,-54,-238
-11,-45,-235
-25,-35,-229
-17,-41,-229
-22,-43,-228
-7,-57,-227
-16,-53,-236
-4,-58,-233
-20,-53,-239
