-7,-90,-220
-9,-87,-218
-9,-79,-220
-8,-75,-230
-14,-70,-227
-19,-72,-231
-17,-50,-229
-8,-63,-219
-15,-60,-231
-19,-50,-230
-20,-68,-240
-15,-68,-240
-27,-69,-235
-15,-61,-231
-22,-35,-240
-33,-18,-244
-31,0,-252
-26,9,-263
-8,-1,-282
-12,-12,-269
-28,-5,-265
-41,-3,-254
-39,36,-249
-42,32,-229
-38,29,-212
-41,-23,-179
-64,-137,-165
-60,-273,-148
-53,-246,-197
-98,-247,-296
-25,-119,-249
-3,-57,-195
6,-74,-214
1,-48,-231
-10,-93,-232
-28,-90,-237
-26,-98,-243
-28,-84,-223
-15,-92,-241
-28,-73,-240
-35,-52,-239
-50,-45,-199
-31,-165,-200
-58,-189,-157
-81,18,-240
-166,278,-314
-87,175,-293
-2,70,-272
-17,1,-275
-26,-48,-258
-23,-70,-243
-16,-75,-243
-15,-68,-238
-8,-61,-232
4,-61,-223
-6,-67,-230
-6,-69,-234
-5,-53,-234
