-21,-25,-234
-12,-25,-235
-12,9,-229
-24,44,-242
-27,93,-269
-35,137,-293
-58,174,-331
-49,158,-278
-79,124,-260
-106,121,-220
-195,88,-198
-243,-44,-113
-126,-243,-76
-58,-271,-134
-36,-272,-172
-46,-241,-244
-37,-122,-245
1,-93,-223
-21,-88,-215
-28,-88,-215
-34,-168,-207
-53,-231,-203
-71,-223,-199
-123,-186,-182
-170,-274,-165
-262,-335,-171
-345,151,-178
-285,510,-247
-99,273,-256
-6,112,-279
-5,52,-288
-16,4,-287
-33,7,-268
-41,-8,-244
-27,9,-234
-7,-41,-212
-14,-23,-211
-28,-41,-210
-1,-65,-230
6,-61,-264
-33,-58,-318
-25,-38,-258
17,-33,-216
-16,-16,-226
-21,-10,-247
-14,-31,-240
-12,-34,-235
-18,-37,-239
-16,-22,-240
-16,-26,-242
-22,-35,-244
-19,-33,-234
-13,-33,-234
-21,-29,-240
-29,-26,-239
-18,-35,-237
-10,-35,-233
