15,-55,-238
23,-55,-238
27,-53,-243
16,-51,-240
22,-50,-244
16,-7,-256
2,21,-264
-2,41,-280
-21,68,-288
-16,70,-274
-19,47,-277
-41,22,-264
-81,-5,-255
-79,-54,-209
-54,-103,-159
-36,-213,-171
-15,-198,-179
5,-212,-202
29,-186,-212
-8,-99,-242
-6,-95,-241
-3,-96,-247
-14,-123,-251
-25,-147,-224
-28,-227,-168
-45,-250,-152
-69,-247,-173
-78,-177,-182
-142,-33,-226
-173,194,-318
-112,177,-325
-11,48,-282
12,11,-270
-3,-57,-273
-30,-88,-259
-9,-82,-250
-1,-96,-227
-3,-85,-218
-9,-84,-219
-3,-84,-220
0,-83,-235
-14,-83,-238
-6,-78,-233
-9,-83,-222
-14,-85,-229
-6,-84,-234
-13,-84,-230
-4,-80,-226
-10,-85,-227
-12,-88,-229
-12,-84,-229
2,-88,-226
-5,-78,-223
-5,-79,-226
-6,-85,-225
-11,-79,-222
-17,-85,-227
