-22,-55,-229
-20,-50,-228
-27,-53,-238
-27,-59,-233
-4,-72,-223
-11,-69,-226
-11,-52,-238
-13,-42,-241
-22,-49,-239
-15,-71,-236
-18,-49,-234
-58,66,-264
-59,133,-294
-41,124,-289
-30,64,-262
-54,63,-245
-27,-1,-214
-42,39,-236
-95,78,-249
-79,31,-202
-114,-113,-155
-63,-209,-193
-40,-254,-206
-34,-153,-220
-11,-113,-221
-9,-89,-243
-23,-62,-252
-11,-55,-249
1,-83,-220
9,-120,-219
-11,-109,-216
-26,-158,-210
-31,-135,-225
-62,-116,-225
-55,-130,-238
-80,-134,-195
-51,-232,-172
-81,-162,-163
-141,109,-195
-156,299,-276
-121,189,-317
5,41,-291
19,-50,-288
-18,-48,-285
-35,-39,-267
-14,-42,-247
-22,-49,-241
-20,-36,-225
-7,-45,-225
-5,-36,-231
-21,-56,-229
-19,-51,-236
-14,-49,-238
-28,-50,-238
-10,-46,-237
-22,-52,-242
-22,-47,-234
