-16,-23,-234
-16,-15,-242
-7,4,-250
-21,23,-260
-18,42,-273
-19,75,-278
-30,137,-267
-49,189,-257
-57,122,-258
-69,126,-237
-89,28,-183
-101,-10,-187
-136,-163,-178
-71,-200,-162
-12,-249,-168
-16,-183,-186
-2,-123,-205
-12,-113,-246
-8,-89,-263
-35,-125,-254
-35,-144,-226
-41,-175,-210
-54,-142,-196
-79,-166,-158
-112,-320,-139
-164,-222,-159
-225,118,-268
-311,401,-410
-38,191,-311
50,104,-248
45,-5,-234
10,-33,-244
-12,-39,-247
-30,-47,-252
-8,-47,-249
-7,-53,-237
2,-67,-234
-5,-49,-235
-10,-39,-237
-9,-49,-241
-8,-49,-240
-3,-59,-230
-3,-64,-222
-5,-43,-239
-11,-44,-236
-30,-58,-248
-21,-49,-238
-17,-61,-232
-12,-47,-231
-6,-48,-244
-21,-58,-241
-9,-59,-257
-13,-51,-232
-14,-65,-234
-22,-66,-241
-10,-56,-232
-14,-58,-235
