-26,-31,-236
-23,-11,-242
-29,-9,-255
-24,9,-249
-25,19,-239
-14,28,-257
-25,85,-261
-39,144,-297
-66,167,-296
-77,174,-274
-103,153,-198
-128,37,-144
-165,-120,-103
-151,-285,-141
-71,-258,-211
-60,-216,-205
-70,-203,-259
-35,-89,-237
-30,-63,-215
-30,-50,-224
-26,-80,-227
-43,-137,-234
-78,-216,-231
-105,-262,-185
-95,-199,-150
-130,-175,-180
-166,-65,-189
-159,50,-254
-153,287,-303
-56,283,-300
22,99,-249
32,-6,-248
-8,-28,-259
-30,-30,-266
-12,-42,-242
-26,-57,-235
-7,-27,-222
2,-25,-209
0,-35,-224
-5,-29,-232
-16,-15,-241
-18,-10,-251
-4,-7,-243
-7,-29,-252
-21,-25,-295
4,3,-225
3,5,-229
-27,2,-253
-1,-14,-233
5,-10,-230
-19,-16,-243
-8,-10,-244
-13,-17,-237
-15,-18,-243
-15,-12,-240
-22,-9,-240
-9,-8,-241
