-13,-24,-238
-22,-26,-239
-17,-17,-248
-23,-24,-244
-17,-38,-231
-12,-30,-243
-18,-11,-237
-14,15,-261
-31,37,-241
-56,108,-266
-44,200,-262
-25,161,-250
-1,51,-265
-100,115,-278
-124,141,-252
-140,79,-171
-160,-51,-102
-123,-311,-74
-60,-308,-183
-65,-227,-230
-34,-162,-243
-52,-97,-246
-23,-119,-230
-15,-85,-235
-7,-75,-229
-16,-119,-220
-21,-154,-234
-19,-178,-213
-38,-110,-215
-48,-29,-206
-37,-10,-210
-54,-42,-244
-60,-149,-232
-36,-247,-175
-81,35,-199
-87,283,-242
-56,205,-269
-4,84,-273
14,3,-267
-15,-14,-261
-13,-25,-257
-35,-35,-240
-45,-31,-250
-18,-37,-230
-28,-34,-235
-35,-35,-242
-39,-28,-247
-33,-38,-248
-34,-42,-234
-25,-35,-227
-26,-37,-238
-24,-41,-224
-36,-42,-236
-24,-33,-239
-20,-40,-228
-27,-44,-224
-30,-39,-236
