29.70,231.30,27.00
24.03,207.27,22.50
22.53,187.44,21.15
22.07,855.40,913.63
18.97,82.26,-72.33
15.27,73.13,-63.30
12.84,66.72,-58.77
13.36,60.05,-53.79
12.02,52.24,-47.51
10.82,47.92,-45.46
8.84,43.13,-37.31
7.05,39.71,-34.48
9.05,723.34,863.57
450.94,653.71,777.21
-37.85,-102.86,-195.11
-33.17,597.72,719.00
-29.85,-150.55,-247.50
-25.96,-137.29,-222.75
-25.17,-123.56,-202.28
-23.55,-109.41,-180.25
-20.30,-98.47,731.48
-17.37,-89.52,-236.27
-16.53,-79.67,-209.94
-15.78,-71.70,-189.85
-11.50,-63.63,-173.56
-11.25,628.53,740.19
-11.92,-121.02,-225.73
-9.83,-109.82,-205.85
-10.65,-99.74,-184.37
-5.98,600.54,727.77
-8.99,-148.02,-239.61
-8.99,-133.22,676.25
661.51,113.21,155.03
-75.14,-129.41,-298.78
602.87,-115.57,-290.50
-124.31,-105.82,-239.85
-110.98,-95.23,-214.06
-101.68,-86.61,-192.66
-88.82,-78.85,-175.19
-79.03,616.64,736.93
-72.03,-135.33,-232.27
-66.63,-120.90,-207.24
-58.16,-106.11,-185.61
-54.15,-96.40,-168.85
-49.63,-86.76,-152.87
-43.77,-78.08,-138.48
-37.59,617.33,771.77
-33.83,555.59,694.59
-33.15,-187.56,-268.57
-28.94,-166.11,-243.51
-26.94,-153.10,-218.26
-22.45,-136.89,-194.63
-22.90,-121.40,714.93
-18.81,-111.06,-249.36
-16.03,-100.85,-222.63
-16.23,-89.87,-201.26
-15.51,-79.98,-181.14
-12.15,-71.98,-163.92
-9.14,-63.88,-146.63
-7.33,628.30,762.63
-10.19,-120.33,-207.33
-6.47,-110.09,-187.50
-9.43,-98.18,-168.75
-7.58,-91.07,-150.07
-8.63,-80.16,-136.87
-5.06,-72.14,-124.08
-3.66,-64.03,-110.77
-3.29,-61.23,-99.69
-4.76,-52.40,-89.73
-5.19,-46.26,-80.75
664.03,-269.34,373.72
-70.17,-15.60,-110.95
-63.15,-13.14,-97.15
-55.94,-13.63,-89.24
-49.44,-9.57,-80.32
-45.40,-11.31,-73.18
-41.76,-9.28,-64.97
-38.48,-8.35,-60.27
-32.84,-6.62,-51.54
-29.55,-5.95,-46.39
-26.60,-7.16,-41.75
-23.94,-4.64,-39.37
-21.54,-6.88,-33.64
-19.39,-7.09,-30.27
419.05,460.72,-50.65
-59.36,-52.45,-23.08
-55.22,-44.51,-20.77
-46.10,-38.26,-19.60
-42.39,-36.23,-15.84
-36.35,-33.51,-15.15
-36.31,-30.16,-12.74
-31.78,-28.94,-13.26
-27.70,-23.35,-9.24
-26.73,-21.01,-9.21
-22.26,-18.91,-8.29
-20.93,-17.02,-8.36
-17.04,-16.22,-7.53
-16.24,-14.60,-5.87
-13.71,-11.34,-4.39
-10.54,-11.10,-4.85
-14.89,-10.89,-3.46
-12.50,-8.00,-4.02
-9.45,-8.10,-4.52
-8.50,-7.29,-2.26
-6.75,-4.76,-2.94
-6.98,-7.89,-2.64
-8.08,-5.30,-4.18
-4.57,-3.87,889.04
-5.92,-4.38,-90.87
-6.22,-5.74,-82.68
-2.90,-3.37,-72.61
-7.11,-3.03,-65.35
-4.60,-2.73,-60.61
-1.44,-5.16,-55.45
-4.00,-2.84,-50.81
-3.60,-1.66,-42.13
-0.54,-1.49,-39.71
-4.08,-2.24,-36.64
-0.07,-0.22,-31.18
-0.97,-0.20,-28.06
-0.87,-1.08,-25.25
0.12,-1.87,-22.73
-3.50,0.12,-20.46
0.45,688.61,875.29
-2.29,-70.55,-106.84
0.64,-63.50,-97.06
-0.33,-55.35,-87.35
-0.29,-49.81,-78.62
-0.26,-45.73,-70.75
0.66,-42.06,-63.68
-1.20,-37.85,-58.21
-1.08,-33.17,-48.79
-0.08,657.75,848.89
-0.07,-94.73,-130.60
-3.66,-85.25,-114.84