4,-85,-205
2,-72,-229
1,-55,-234
10,-64,-229
8,-64,-229
5,-58,-240
15,-61,-233
0,-62,-234
1,-50,-237
15,-63,-232
8,-65,-236
6,-64,-243
-4,-36,-256
-93,-73,-471
-65,-112,-493
-9,-95,-394
36,-98,-272
56,-75,-221
47,-65,-242
37,-51,-157
64,-37,-79
71,-39,-3
97,-4,39
118,26,103
124,85,173
141,114,273
204,113,361
225,112,328
219,82,229
216,54,156
227,51,142
227,64,170
215,57,216
205,88,269
150,107,238
147,75,195
103,66,104
87,59,74
-4,46,-29
-43,48,-75
-62,-54,-264
-154,-185,-454
-138,-209,-511
-67,-104,-486
32,-88,-273
22,-98,-226
-13,-70,-246
-27,-49,-242
-16,-55,-234
-6,-60,-230
-13,-63,-231
-11,-71,-242
-29,-56,-240
-13,-61,-219
-21,-62,-221
-17,-60,-226
-20,-59,-228
-14,-80,-242
