-32,-22,-236
-36,-25,-249
-31,-23,-237
-31,-20,-230
-26,-36,-235
-32,-10,-231
-47,-27,-253
-32,-36,-252
-66,-28,-291
-70,-21,-359
-109,-139,-445
-122,-146,-462
-117,-137,-391
-138,-122,-362
-141,-88,-229
-98,-75,-74
-30,-58,23
42,-16,115
90,43,189
138,90,220
172,127,260
207,113,289
232,77,300
237,37,268
228,-2,253
205,31,240
198,70,202
182,68,108
144,59,93
139,27,-1
111,-9,-2
85,-32,-66
-17,-25,-65
-126,-29,-183
-280,33,-368
-228,-86,-511
-108,-109,-462
-37,-82,-330
-37,-33,-273
-59,-31,-194
-99,-48,-253
-71,-56,-225
-54,-47,-231
-53,-65,-230
-57,-61,-219
-69,-44,-223
-60,-55,-222
-64,-51,-227
-61,-46,-217
-65,-43,-229
-70,-51,-220
-69,-57,-220
-72,-52,-224
-67,-61,-224
-65,-44,-225
-64,-60,-213
-66,-49,-231
