-29,-30,-240
-33,-30,-229
-33,-31,-238
-25,-42,-237
-32,-29,-231
-34,-57,-237
-8,-31,-254
-99,-76,-418
-147,-195,-491
-88,-164,-431
-82,-154,-362
-57,-113,-255
-20,-92,-178
23,-49,-64
46,-16,15
73,30,99
85,35,104
108,52,146
152,101,265
197,114,323
210,84,303
214,40,265
213,17,207
218,-13,205
217,25,262
197,68,249
159,123,233
144,119,150
93,84,87
45,45,11
-17,4,-60
-68,-24,-191
-114,-45,-306
-92,-81,-468
-60,-138,-458
-46,-136,-410
-28,-101,-313
-21,-83,-273
-31,-75,-282
-31,-45,-207
-35,-36,-215
-27,-77,-232
-13,-70,-228
-22,-69,-230
-20,-71,-222
-28,-57,-228
-35,-55,-231
-25,-61,-233
-36,-72,-232
-31,-50,-238
-26,-60,-232
-20,-54,-229
-30,-62,-231
-33,-50,-230
-29,-62,-231
-26,-64,-228
-23,-46,-239
