-13,-54,-226
-11,-63,-241
-13,-45,-233
-2,-50,-240
-3,-47,-236
-12,-57,-228
-13,-47,-242
-6,-41,-239
7,-51,-231
-1,-57,-238
-5,-46,-234
-16,-66,-249
-18,-38,-283
-67,-91,-421
-9,-79,-415
20,-87,-364
58,-73,-301
51,-70,-270
75,-54,-238
87,-46,-195
113,-58,-118
124,-33,-91
153,-26,-43
139,-37,-9
145,-18,59
149,16,129
169,73,167
206,108,248
244,80,266
272,37,231
266,2,164
249,18,154
226,21,143
245,1,202
222,22,173
229,47,181
195,49,121
185,59,109
145,70,16
106,49,-59
73,24,-112
28,33,-166
0,-23,-208
-45,-14,-303
-95,-78,-438
-68,-61,-429
-73,-57,-390
-24,-61,-283
-14,-52,-252
-41,-55,-258
-45,-40,-256
-26,-43,-232
-24,-48,-226
-45,-47,-232
-30,-59,-229
-33,-35,-224
-33,-54,-235
