-5,-71,-203
0,-61,-240
13,-68,-235
2,-59,-239
9,-42,-241
9,-66,-237
-7,-59,-235
12,-56,-229
-1,-48,-244
-5,-65,-235
8,-52,-235
7,-49,-235
6,-51,-241
0,-53,-230
5,-48,-233
7,-60,-233
5,-47,-236
5,-60,-235
-24,-37,-322
-115,-83,-504
-68,-116,-456
-39,-108,-394
-8,-102,-302
38,-73,-183
65,-59,-103
98,-26,-28
128,-12,-2
128,17,22
124,39,42
111,15,82
89,20,110
94,49,239
153,60,426
200,79,450
180,69,325
176,58,215
194,29,189
212,44,256
200,40,295
172,82,252
181,72,206
159,67,107
168,57,113
113,20,38
61,25,25
21,27,-13
21,6,-39
-103,-48,-359
-97,-93,-480
-62,-123,-496
-37,-89,-414
3,-71,-329
13,-62,-262
-17,-76,-272
-21,-48,-240
-13,-53,-307
-9,-59,-237
