-56,-41,-233
-49,-43,-221
-44,-48,-233
-59,-52,-229
-58,-63,-210
-41,-55,-228
-35,-50,-225
-15,-65,-202
-64,-37,-259
-56,-1,-241
-36,-49,-223
-60,-8,-242
-62,-27,-226
-51,-6,-273
-86,-75,-329
-211,-99,-464
-144,-107,-410
-94,-114,-354
-51,-84,-258
-26,-71,-174
8,-69,-119
39,-78,-34
81,-51,41
97,5,89
103,91,112
160,138,238
215,135,303
236,105,281
237,50,238
223,38,182
219,8,187
225,40,210
203,87,152
224,70,130
228,51,94
222,67,72
207,35,66
103,46,-21
56,-14,-98
8,-51,-142
-18,-49,-186
-9,-51,-269
-83,-80,-407
-121,-148,-434
-111,-122,-372
-34,-122,-256
-64,-66,-238
-18,-66,-209
-59,-76,-241
-43,-61,-224
-43,-65,-227
-34,-65,-231
-24,-66,-229
-30,-52,-230
-41,-61,-218
-35,-47,-230
-38,-56,-232
