-1,-31,-248
-16,-39,-229
-18,-38,-236
-12,-38,-244
-11,-45,-233
-7,-41,-235
0,-43,-240
-14,-59,-235
-12,-37,-239
-16,-49,-236
-36,-48,-232
-53,-14,-217
-66,-72,-220
-44,-63,-221
-38,-67,-226
-44,-56,-233
-60,-67,-223
-69,-52,-214
-58,-49,-233
-24,-57,-258
-237,-225,-511
-308,-232,-511
-214,-142,-361
-133,-87,-210
-83,-43,-80
-33,-38,-1
14,-44,99
77,16,158
148,155,243
192,154,231
224,154,263
248,120,234
233,74,169
247,37,162
248,43,154
229,75,234
218,106,219
187,96,181
153,49,161
73,38,127
-13,0,123
-114,45,5
-362,-139,-498
-269,-171,-511
-104,-176,-511
15,-137,-315
46,-107,-230
-27,-48,-248
-44,-87,-243
-108,-129,-244
-12,-36,-197
-12,-104,-223
-27,-83,-232
-36,-63,-231
-11,-65,-228
5,-82,-234
-8,-82,-230
