-6,-56,-235
-8,-45,-238
-1,-47,-232
-9,-55,-240
-13,-47,-216
-16,-66,-229
-8,-83,-239
1,-70,-244
0,-47,-248
-18,-97,-245
-70,-74,-350
-158,-161,-472
-86,-163,-418
-101,-152,-390
-80,-99,-300
-14,-65,-186
52,-36,-61
89,-23,-2
109,13,58
136,39,136
168,65,161
193,92,159
227,119,188
244,92,178
258,63,163
259,34,131
247,31,95
246,49,81
249,46,133
253,34,147
233,32,140
218,53,126
181,38,121
137,60,57
82,51,25
55,18,-34
-21,-32,-138
-96,-65,-356
-160,-105,-509
-96,-88,-456
0,-86,-343
-12,-81,-304
-28,-100,-272
-39,-85,-286
-22,-67,-220
-34,-55,-213
-39,-62,-230
-24,-70,-224
-30,-59,-234
-26,-65,-234
-24,-66,-234
-25,-54,-228
-23,-70,-231
-28,-61,-229
-33,-70,-227
-15,-62,-234
-26,-58,-241
