-30,-71,-230
-7,-55,-235
-12,-41,-234
-4,-43,-238
-5,-49,-233
-29,-52,-224
-25,-34,-235
-25,-41,-249
-13,-33,-239
-29,-19,-252
-50,-7,-312
-86,-59,-403
-44,-42,-387
-44,-31,-360
-23,-48,-324
1,-54,-285
64,-37,-189
84,-20,-183
108,-7,-117
122,-2,-45
136,-6,9
168,11,61
170,55,99
204,128,192
226,93,235
242,63,222
259,20,149
272,23,125
259,19,111
243,17,151
224,15,203
214,33,235
170,70,147
142,75,51
108,87,14
59,76,-28
10,27,-75
-71,13,-271
-198,-98,-498
-97,-108,-506
-46,-96,-429
4,-70,-303
-17,-55,-262
-17,-41,-293
-18,-40,-219
-19,-30,-213
-14,-50,-251
-4,-52,-247
2,-37,-242
-5,-54,-237
-7,-47,-240
-8,-45,-242
-5,-55,-237
-7,-54,-233
-3,-66,-231
-5,-48,-236
-5,-48,-232
-5,-47,-237
