-8,-67,-248
-1,-45,-240
-7,-58,-231
0,-59,-240
-10,-59,-237
-7,-46,-240
1,-68,-239
-8,-56,-239
-7,-47,-238
-1,-70,-284
-51,-82,-401
-49,-89,-471
-3,-99,-407
0,-97,-341
-20,-71,-311
-10,-54,-253
34,-66,-163
47,-71,-83
62,-40,-13
84,-21,21
85,-13,46
99,19,117
116,77,262
175,119,365
199,126,385
224,82,327
217,47,204
221,36,157
227,51,166
224,62,256
200,85,240
171,75,193
179,48,153
142,40,67
145,13,35
110,18,-21
86,-2,-17
38,7,-77
-63,-31,-232
-102,-44,-409
-107,-128,-509
-20,-71,-443
-8,-74,-353
6,-75,-283
-74,-133,-412
14,-57,-201
-25,-61,-257
-21,-59,-258
0,-66,-232
4,-60,-234
-3,-67,-224
0,-53,-236
1,-53,-233
8,-62,-239
1,-71,-232
5,-65,-241
-4,-65,-238
